1
2
3
4
5
6
7
8
9
10
12
13
14
15
16
17
18
20
21
22
23
24
25
26
27
28
30
32
33
34
35
36
37
38
39
40
41
42
43
45
46
47
48
49
50
51
52
53
54
55
56
57
58
59
60
61
62
63
64
65
66
67
68
69
71
72
73
74
75
76
77
78
79
80
81
82
84
85
87
88
89
90
91
93
94
95
96
97
98
99
101
103
104
105
106
107
108
109
110
111
112
114
116
117
118
119
120
121
122
123
124
125
126
127
128
129
149
153
156
183
189
226
232
243
244
256
259
271
274
310
346
363
416
420
426
428
430
473
483
490
492
505
507
508
512
550
631
632
649
664
688
689
699
707
712
721
725
729
745
816
883
917
929

11
19
29
113
115
130
131
132
133
134
135
136
137
138
139
140
141
142
143
144
145
146
147
148
150
151
152
154
155
157
158
159
160
161
162
163
164
165
166
167
168
169
170
171
172
173
174
175
177
178
179
180
181
182
184
185
186
187
188
190
191
192
193
194
195
196
197
198
199
200
201
202
203
204
205
206
207
208
209
210
211
212
213
214
215
216
217
218
219
220
221
222
223
224
225
227
228
229
230
231
233
234
235
236
237
238
239
242
246
247
249
251
252
253
257
261
262
263
264
265
266
267
268
269
270
272
273
276
277
278
280
281
282
283
284
285
286
287
288
289
290
291
292
293
294
296
298
299
301
302
303
304
307
308
311
312
313
314
316
317
318
319
321
322
323
324
325
329
330
332
333
335
336
337
338
341
342
343
348
349
352
354
356
357
359
361
364
366
367
368
369
372
373
374
377
378
379
381
383
384
385
386
387
388
389
390
396
397
399
400
401
402
405
407
409
410
411
412
414
415
417
418
419
422
423
425
427
429
431
432
434
435
437
443
444
445
446
447
448
449
450
451
452
453
455
456
457
458
459
460
461
462
463
464
465
466
467
468
469
470
471
474
475
476
477
478
479
480
482
484
486
488
489
494
510
511
513
518
521
522
524
525
533
534
543
549
551
552
560
561
562
597
617
618
620
623
624
625
628
630
634
638
642
645
647
650
651
653
654
655
656
657
658
659
660
661
662
663
665
666
667
668
669
670
671
672
673
674
675
676
677
678
679
681
682
684
685
686
690
691
692
693
694
695
696
697
698
701
703
710
711
713
714
716
717
728
734
742
746
747
750
758
761
762
763
765
768
769
772
773
775
776
777
778
779
782
783
785
787
788
789
790
793
808
810
811
863
875
892
899
901
902
904
906
1079

31
44
70
83
86
92
100
102
305
309
315
320
326
327
328
331
334
340
344
345
351
355
358
360
362
365
370
371
375
376
380
382
391
392
393
394
395
398
403
404
408
421
424
433
436
439
440
441
519
528
591

176
485
520
523
526
527
529
530
531
532
535
536
537
538
539
540
541
542
544
545
546
547
548
553
554
555
556
557
558
559
563
564
565
566
567
568
569
570
571
572
573
574
575
576
577
578
579
580
581
582
583
584
585
586
587
588
589
590
592
593
594
595
596
598
599
600
601
602
603
604
605
606
607
608
609
610
611
612
613
614
615
616
619
621
622
626
627
629
633
636
637
639
640
641
643
644
648
687
718
736
737
738
739
741
743
748
792
796
813
817
818
819
820
821
822
824
825
826
827
828
829
830
832
833
834
835
837
838
843
844
847
850
851
854
857
858
859
860
862
864
866
867
868
870
872
873
874
876
878
879
881
882
889
891
893
903
905
909
919
920
921
922
924
940
943
944
984
986
988
995
998
999
1003
1005
1006
1007
1009
1011
1012
1013
1014
1015
1016
1019
1020
1023
1025
1027
1028
1029
1030
1031
1033
1034
1035
1036
1037
1038
1039
1040
1041
1042
1043
1045
1046
1047
1048
1052
1053
1054
1055
1056
1058
1061
1062
1063
1066
1067
1068
1069
1070
1071
1072
1075
1076
1077
1078
1080
1081
1082
1083
1084
1085
1086
1087
1088
1089
1090
1091
1092
1093
1094
1095

240
241
245
248
250
254
255
258
260
275
279
295
297
300
306
339
347
350
353
406
413
438
442
454
472
481
487
491
493
495
496
497
498
499
500
501
502
503
504
506
509
514
515
516
517
652
715
749
753
809

635
680
683
700
702
704
705
706
708
709
719
720
722
723
724
726
727
730
731
732
733
735
740
744
752
754
755
756
757
759
760
764
766
767
770
771
774
780
784
786
791
795
797
800
802
803
804
805
806
807
814
836
852
855
856
865
869
871
884
900
908
913
914
916
918
925
926
927
928
930
933
936
938
945
946
947
949
950
951
952
953
958
961
962
963
964
965
966
967
972
974
975
977
979
980
982
983
989
990
992
993
994
1000
1008
1017
1022
1049
1051
1064
1065
1073
1074

646
751
781
794
798
799
801
812
815
823
831
839
840
841
842
845
846
848
849
853
861
877
880
885
886
887
888
890
894
895
896
897
898
907
910
911
912
915
923
931
935
937
939
941
942
948
956
957
960
968
969
970
971
973
976
978
981
987
991
996
997
1001
1002
1004
1010
1032
1044
1050
1057
1059
1060

932
934
954
955
959
985
1018
1021
1024
1026

